081027.543628 0.0
081028.651600 0.0
081031.660294 0.0
081032.467765 0.01
081033.274558 0.01
081034.820173 0.01
081034.889685 0.011
081035.696430 0.01
081036.503526 0.01
081037.310451 0.01
081038.117945 0.006
081038.924792 0.006
081039.731691 0.0
081040.539657 0.0
081041.347289 0.0
081042.155288 0.0
081042.962782 0.314
081043.770387 0.314
081044.578177 0.314
081045.386461 0.314
081046.193786 0.314
081047.306223 0.0
081047.810374 0.0
081048.617398 0.0
081049.425373 0.0
081050.231546 0.0
081051.386495 0.0
081051.845641 0.0
081052.652293 0.0
081053.459021 0.0
081054.266339 0.0
081055.735390 0.0
081055.880780 0.0
081056.688170 0.0
081057.495267 0.0
081058.302878 0.0
081059.110296 0.0
081059.917333 0.0
081100.724416 0.0
081101.531650 0.0
081102.338409 0.0
081103.145552 0.0
081103.952911 0.0
081104.759574 0.0
081105.565415 0.0
081106.372209 0.0
081107.178955 0.0
081107.985837 0.0
081108.792304 0.0
081109.598768 0.0
081110.405632 0.0
081111.212683 0.0
081112.196376 0.0
081112.826341 0.0
081113.632947 0.0
081114.439575 0.0
081115.246437 0.0
081116.532987 0.0
081116.859806 0.0
081117.666530 0.0
081118.473046 0.0
081119.279698 0.0
081120.865365 0.0
081120.892808 0.0
081121.699507 0.0
081122.506049 0.0
081123.312674 0.0
081124.119804 0.0
081124.926714 0.0
081125.733617 0.0
081126.540288 0.0
081127.346820 0.0
081128.153554 0.0
081128.960548 0.0
081129.766689 0.0
081130.572982 0.0
081131.379833 0.0
081132.186570 0.0
081132.993096 0.0
081133.799751 0.0
081134.606111 0.0
081135.412835 0.0
081136.219333 0.0
081137.260536 0.0
081137.832520 0.0
081138.639122 0.0
081139.445846 0.0
081140.252818 0.0
081141.597526 0.0
081141.865863 0.0
