090256.340659293 0.0
090257.448571810 0.0
090300.357099816 0.0
090301.163792675 0.01
090301.972736931 0.01
090302.781811995 0.01
090303.588646032 0.01
090304.395656207 0.01
090305.202268726 0.01
090306.815614512 0.005
090306.9357550 0.01
090307.622103523 0.006
090308.428513543 0.006
090309.235116082 0.0
090310.42361455 0.0
090310.850384319 0.0
090311.658060428 0.0
090312.464831045 0.001
090313.272327564 0.001
090314.79427638 0.001
090314.885797359 0.001
090315.693393428 0.001
090316.502162345 0.0
090317.309906122 0.0
090318.116590289 0.0
090318.922940980 0.0
090319.729470929 0.0
090320.535714421 0.0
090321.342426139 0.0
090322.148585421 0.0
090322.955526136 0.0
090323.763237873 0.0
090324.571025759 0.0
090325.378261461 0.0
090326.184950868 0.0
090326.992491087 0.0
090327.799996386 0.0
090328.607233658 0.0
090329.414827926 0.0
090330.222080338 0.0
090331.29442718 0.0
090331.836965667 0.0
090332.644260558 0.0
090333.450897045 0.0
090334.258120206 0.0
090335.65117510 0.0
090335.871952196 0.0
090336.679382965 0.0
090337.486274850 0.0
090338.293551811 0.0
090339.100788092 0.0
090339.908387239 0.0
090340.715440982 0.0
090341.522625394 0.0
090342.331133262 0.0
090343.139296384 0.0
090343.946974931 0.0
090344.755162952 0.0
090345.563551302 0.0
090346.371519966 0.0
090347.180070254 0.0
090347.988113287 0.0
090348.795990251 0.0
090349.604882905 0.0
090350.413907528 0.0
090351.221797242 0.0
090352.29462249 0.0
090352.837444012 0.0
090353.644137838 0.0
090354.451541097 0.0
090355.259683889 0.0
090356.67663312 0.0
090356.875374847 0.0
090357.682972755 0.0
090358.490096356 0.0
090359.297578224 0.0
090400.105261080 0.0
090400.912834387 0.0
090401.721438054 0.0
090402.529159339 0.0
090403.337005193 0.0
090404.144044185 0.0
090404.951956789 0.0
090405.759138759 0.0
090406.567177232 0.0
090407.375088235 0.0
090408.182836910 0.0
090408.989403756 0.0
090409.797351039 0.0
090410.604321932 0.0
