# kind | hw total | kf total | hw per second 0..20 | kf per second
R 0x611ec0                                   |   4272 |      0 | 480 496 184 472 488 520 512 440 0 0 48 32 0 24 64 472 40 0 0 0 0 | 0 0 0 0 0 0 0 0 0 0 0 0 0 0 0 0 0 0 0 0 0
MSI vector 0                                 |   2718 |      0 | 60 213 220 220 423 644 552 266 0 1 11 14 0 6 10 73 5 0 0 0 0 | 0 0 0 0 0 0 0 0 0 0 0 0 0 0 0 0 0 0 0 0 0
W 0x611800                                   |    546 |    861 | 59 60 30 60 60 60 61 57 0 0 9 7 0 5 12 60 6 0 0 0 0 | 3 0 42 60 34 27 60 60 60 60 60 60 60 60 60 60 60 35 0 0 0
R 0x611c30                                   |   1068 |      0 | 120 124 46 118 122 130 128 110 0 0 12 8 0 6 16 118 10 0 0 0 0 | 0 0 0 0 0 0 0 0 0 0 0 0 0 0 0 0 0 0 0 0 0
W 0x690000                                   |   1047 |     16 | 11 0 12 207 243 243 217 94 0 0 4 0 0 4 0 12 0 0 0 0 0 | 10 0 4 0 0 2 0 0 0 0 0 0 0 0 0 0 0 0 0 0 0
R 0x611c00                                   |   1035 |      0 | 118 120 44 116 120 120 119 108 0 0 12 8 0 6 16 118 10 0 0 0 0 | 0 0 0 0 0 0 0 0 0 0 0 0 0 0 0 0 0 0 0 0 0
ctrl 0xc3700104                              |      0 |    690 | 0 0 0 0 0 0 0 0 0 0 0 0 0 0 0 0 0 0 0 0 0 | 0 0 0 0 0 0 0 0 0 1 0 1 0 599 56 32 0 1 0 0 0
R 0x611800                                   |    546 |      0 | 59 60 30 60 60 60 61 57 0 0 9 7 0 5 12 60 6 0 0 0 0 | 0 0 0 0 0 0 0 0 0 0 0 0 0 0 0 0 0 0 0 0 0
R 0x680240                                   |    301 |      0 | 0 0 301 0 0 0 0 0 0 0 0 0 0 0 0 0 0 0 0 0 0 | 0 0 0 0 0 0 0 0 0 0 0 0 0 0 0 0 0 0 0 0 0
W 0x6b0000                                   |    258 |      2 | 1 0 3 51 60 60 54 23 0 0 1 0 0 1 0 4 0 0 0 0 0 | 1 0 1 0 0 0 0 0 0 0 0 0 0 0 0 0 0 0 0 0 0
R 0x690a2c                                   |    258 |      0 | 2 0 3 51 60 60 54 23 0 0 1 0 0 1 0 3 0 0 0 0 0 | 0 0 0 0 0 0 0 0 0 0 0 0 0 0 0 0 0 0 0 0 0
R 0x690aec                                   |    257 |      0 | 1 0 3 51 60 60 54 23 0 0 1 0 0 1 0 3 0 0 0 0 0 | 0 0 0 0 0 0 0 0 0 0 0 0 0 0 0 0 0 0 0 0 0
R 0x680220                                   |    257 |      0 | 1 0 3 51 60 60 54 23 0 0 1 0 0 1 0 3 0 0 0 0 0 | 0 0 0 0 0 0 0 0 0 0 0 0 0 0 0 0 0 0 0 0 0
free                                         |     40 |     16 | 0 0 0 6 0 0 0 34 0 0 0 0 0 0 0 0 0 0 0 0 0 | 0 5 10 0 0 0 0 1 0 0 0 0 0 0 0 0 0 0 0 0 0
ctrl 0x20800a38                              |     40 |     16 | 0 8 8 0 8 8 8 0 0 0 0 0 0 0 0 0 0 0 0 0 0 | 0 8 8 0 0 0 0 0 0 0 0 0 0 0 0 0 0 0 0 0 0
alloc cls=0x0000 parent=0x00000000 h=0x00000000 |     37 |     18 | 0 8 7 0 8 8 4 0 0 0 2 0 0 0 0 0 0 0 0 0 0 | 0 9 9 0 0 0 0 0 0 0 0 0 0 0 0 0 0 0 0 0 0
ctrl 0x2080110b                              |     50 |      4 | 0 0 4 0 0 0 42 0 0 0 0 4 0 0 0 0 0 0 0 0 0 | 0 0 4 0 0 0 0 0 0 0 0 0 0 0 0 0 0 0 0 0 0
ctrl 0x20809004                              |     38 |     16 | 8 7 3 3 5 7 3 2 0 0 0 0 0 0 0 0 0 0 0 0 0 | 8 6 2 0 0 0 0 0 0 0 0 0 0 0 0 0 0 0 0 0 0
alloc cls=0x2080 parent=0xff020000 h=0xff030000 |     32 |     12 | 0 6 6 0 8 8 4 0 0 0 0 0 0 0 0 0 0 0 0 0 0 | 0 6 6 0 0 0 0 0 0 0 0 0 0 0 0 0 0 0 0 0 0
R 0x611d80                                   |     44 |      0 | 1 0 12 3 0 0 3 4 0 0 5 4 0 3 6 2 1 0 0 0 0 | 0 0 0 0 0 0 0 0 0 0 0 0 0 0 0 0 0 0 0 0 0
ctrl 0x20801111                              |     28 |     12 | 0 4 6 0 4 6 6 2 0 0 0 0 0 0 0 0 0 0 0 0 0 | 0 4 4 2 0 2 0 0 0 0 0 0 0 0 0 0 0 0 0 0 0
alloc cls=0x0070 parent=0xff020000 h=0xff1fe038 |     26 |     10 | 0 5 5 0 6 6 4 0 0 0 0 0 0 0 0 0 0 0 0 0 0 | 0 5 5 0 0 0 0 0 0 0 0 0 0 0 0 0 0 0 0 0 0
R 0x68a218                                   |     36 |      0 | 0 18 18 0 0 0 0 0 0 0 0 0 0 0 0 0 0 0 0 0 0 | 0 0 0 0 0 0 0 0 0 0 0 0 0 0 0 0 0 0 0 0 0
ctrl 0xa06c0103                              |     26 |     10 | 0 4 6 0 4 6 6 0 0 0 0 0 0 0 0 0 0 0 0 0 0 | 0 4 4 2 0 0 0 0 0 0 0 0 0 0 0 0 0 0 0 0 0
alloc cls=0x0070 parent=0xff020000 h=0xff000010 |     26 |     10 | 0 5 5 0 6 6 4 0 0 0 0 0 0 0 0 0 0 0 0 0 0 | 0 5 5 0 0 0 0 0 0 0 0 0 0 0 0 0 0 0 0 0 0
ctrl 0x0073028b                              |     35 |      0 | 0 0 28 0 0 0 7 0 0 0 0 0 0 0 0 0 0 0 0 0 0 | 0 0 0 0 0 0 0 0 0 0 0 0 0 0 0 0 0 0 0 0 0
W 0x611d80                                   |     29 |      6 | 0 0 8 2 0 0 2 3 0 0 3 3 0 2 4 1 1 0 0 0 0 | 2 0 3 0 0 0 0 0 0 0 0 0 0 0 0 0 0 1 0 0 0
ctrl 0x50800101                              |     21 |      8 | 0 4 4 0 4 4 4 1 0 0 0 0 0 0 0 0 0 0 0 0 0 | 0 4 4 0 0 0 0 0 0 0 0 0 0 0 0 0 0 0 0 0 0
R 0x690004                                   |     29 |      0 | 0 0 0 7 7 7 3 5 0 0 0 0 0 0 0 0 0 0 0 0 0 | 0 0 0 0 0 0 0 0 0 0 0 0 0 0 0 0 0 0 0 0 0
ctrl 0x20801211                              |     21 |      8 | 0 4 4 0 4 4 4 1 0 0 0 0 0 0 0 0 0 0 0 0 0 | 0 4 4 0 0 0 0 0 0 0 0 0 0 0 0 0 0 0 0 0 0
event fn 0x1003                              |     29 |      0 | 0 0 2 0 0 0 21 0 0 1 1 4 0 0 0 0 0 0 0 0 0 | 0 0 0 0 0 0 0 0 0 0 0 0 0 0 0 0 0 0 0 0 0
alloc cls=0xa06c parent=0xff020000 h=0xff0e0000 |     20 |      8 | 0 4 4 0 4 4 4 0 0 0 0 0 0 0 0 0 0 0 0 0 0 | 0 4 4 0 0 0 0 0 0 0 0 0 0 0 0 0 0 0 0 0 0
ctrl 0x20802a08                              |     20 |      8 | 0 4 4 0 4 4 4 0 0 0 0 0 0 0 0 0 0 0 0 0 0 | 0 4 4 0 0 0 0 0 0 0 0 0 0 0 0 0 0 0 0 0 0
ctrl 0xa06c0101                              |     20 |      8 | 0 4 4 0 4 4 4 0 0 0 0 0 0 0 0 0 0 0 0 0 0 | 0 4 4 0 0 0 0 0 0 0 0 0 0 0 0 0 0 0 0 0 0
ctrl 0x0080170e                              |     20 |      8 | 0 4 4 0 4 4 4 0 0 0 0 0 0 0 0 0 0 0 0 0 0 | 0 4 4 0 0 0 0 0 0 0 0 0 0 0 0 0 0 0 0 0 0
ctrl 0xa06c010a                              |     20 |      8 | 0 4 4 0 4 4 4 0 0 0 0 0 0 0 0 0 0 0 0 0 0 | 0 4 4 0 0 0 0 0 0 0 0 0 0 0 0 0 0 0 0 0 0
ctrl 0x2080012b                              |     20 |      8 | 0 4 4 0 4 4 4 0 0 0 0 0 0 0 0 0 0 0 0 0 0 | 0 4 4 0 0 0 0 0 0 0 0 0 0 0 0 0 0 0 0 0 0
ctrl 0x0073010c                              |     24 |      0 | 0 0 24 0 0 0 0 0 0 0 0 0 0 0 0 0 0 0 0 0 0 | 0 0 0 0 0 0 0 0 0 0 0 0 0 0 0 0 0 0 0 0 0
ctrl 0x007302a5                              |     15 |      6 | 0 4 5 0 2 2 2 0 0 0 0 0 0 0 0 0 0 0 0 0 0 | 0 3 2 0 1 0 0 0 0 0 0 0 0 0 0 0 0 0 0 0 0
ctrl 0x2080b202                              |     19 |      0 | 7 2 0 2 2 4 0 2 0 0 0 0 0 0 0 0 0 0 0 0 0 | 0 0 0 0 0 0 0 0 0 0 0 0 0 0 0 0 0 0 0 0 0
ctrl 0x20808539                              |     18 |      0 | 0 2 0 1 1 1 1 1 1 1 1 1 1 0 1 1 1 1 1 1 0 | 0 0 0 0 0 0 0 0 0 0 0 0 0 0 0 0 0 0 0 0 0
ctrl 0x20809037                              |     18 |      0 | 0 2 0 1 1 1 1 1 1 1 1 1 0 1 1 1 1 1 1 1 0 | 0 0 0 0 0 0 0 0 0 0 0 0 0 0 0 0 0 0 0 0 0
ctrl 0x20808159                              |      9 |      8 | 0 9 0 0 0 0 0 0 0 0 0 0 0 0 0 0 0 0 0 0 0 | 0 8 0 0 0 0 0 0 0 0 0 0 0 0 0 0 0 0 0 0 0
ctrl 0x2080a0d1                              |     17 |      0 | 0 1 0 1 1 1 1 1 1 1 1 1 0 1 1 1 1 1 1 1 0 | 0 0 0 0 0 0 0 0 0 0 0 0 0 0 0 0 0 0 0 0 0
ctrl 0x20809029                              |     17 |      0 | 0 15 2 0 0 0 0 0 0 0 0 0 0 0 0 0 0 0 0 0 0 | 0 0 0 0 0 0 0 0 0 0 0 0 0 0 0 0 0 0 0 0 0
ctrl 0x2080a0a8                              |     17 |      0 | 0 1 0 1 1 1 1 1 1 1 1 1 0 1 1 1 1 1 1 1 0 | 0 0 0 0 0 0 0 0 0 0 0 0 0 0 0 0 0 0 0 0 0
ctrl 0x20809064                              |      0 |     16 | 0 0 0 0 0 0 0 0 0 0 0 0 0 0 0 0 0 0 0 0 0 | 8 6 2 0 0 0 0 0 0 0 0 0 0 0 0 0 0 0 0 0 0
ctrl 0x90f10106                              |     12 |      4 | 0 2 2 0 4 4 0 0 0 0 0 0 0 0 0 0 0 0 0 0 0 | 0 2 2 0 0 0 0 0 0 0 0 0 0 0 0 0 0 0 0 0 0
ctrl 0x00730250                              |     15 |      1 | 0 7 8 0 0 0 0 0 0 0 0 0 0 0 0 0 0 0 0 0 0 | 0 1 0 0 0 0 0 0 0 0 0 0 0 0 0 0 0 0 0 0 0
ctrl 0x20800a3a                              |      0 |     16 | 0 0 0 0 0 0 0 0 0 0 0 0 0 0 0 0 0 0 0 0 0 | 0 8 8 0 0 0 0 0 0 0 0 0 0 0 0 0 0 0 0 0 0
alloc cls=0x9067 parent=0xff0e0000 h=0xff0e0200 |     10 |      4 | 0 2 2 0 2 2 2 0 0 0 0 0 0 0 0 0 0 0 0 0 0 | 0 2 2 0 0 0 0 0 0 0 0 0 0 0 0 0 0 0 0 0 0
ctrl 0x20800a9a                              |     10 |      4 | 0 2 2 0 2 2 2 0 0 0 0 0 0 0 0 0 0 0 0 0 0 | 0 2 2 0 0 0 0 0 0 0 0 0 0 0 0 0 0 0 0 0 0
R 0x68a280                                   |     13 |      0 | 2 4 1 1 4 0 1 0 0 0 0 0 0 0 0 0 0 0 0 0 0 | 0 0 0 0 0 0 0 0 0 0 0 0 0 0 0 0 0 0 0 0 0
R 0x68a284                                   |     13 |      0 | 2 4 1 1 4 0 1 0 0 0 0 0 0 0 0 0 0 0 0 0 0 | 0 0 0 0 0 0 0 0 0 0 0 0 0 0 0 0 0 0 0 0 0
R 0x68a28c                                   |     13 |      0 | 2 4 1 1 4 0 1 0 0 0 0 0 0 0 0 0 0 0 0 0 0 | 0 0 0 0 0 0 0 0 0 0 0 0 0 0 0 0 0 0 0 0 0
R 0x68a288                                   |     13 |      0 | 2 4 1 1 4 0 1 0 0 0 0 0 0 0 0 0 0 0 0 0 0 | 0 0 0 0 0 0 0 0 0 0 0 0 0 0 0 0 0 0 0 0 0
alloc cls=0x402c parent=0xb2000000 h=0xb8000000 |      3 |     10 | 0 1 1 0 0 0 0 0 0 0 1 0 0 0 0 0 0 0 0 0 0 | 0 4 6 0 0 0 0 0 0 0 0 0 0 0 0 0 0 0 0 0 0
ctrl 0x20801208                              |      8 |      4 | 0 0 1 0 2 2 2 1 0 0 0 0 0 0 0 0 0 0 0 0 0 | 0 2 2 0 0 0 0 0 0 0 0 0 0 0 0 0 0 0 0 0 0
ctrl 0x2080902a                              |     12 |      0 | 0 10 2 0 0 0 0 0 0 0 0 0 0 0 0 0 0 0 0 0 0 | 0 0 0 0 0 0 0 0 0 0 0 0 0 0 0 0 0 0 0 0 0
ctrl 0x2080b201                              |      2 |      9 | 1 1 0 0 0 0 0 0 0 0 0 0 0 0 0 0 0 0 0 0 0 | 7 2 0 0 0 0 0 0 0 0 0 0 0 0 0 0 0 0 0 0 0
alloc cls=0x0073 parent=0xb1000000 h=0xb3000000 |      4 |      6 | 0 2 1 0 0 0 0 0 0 0 1 0 0 0 0 0 0 0 0 0 0 | 0 3 3 0 0 0 0 0 0 0 0 0 0 0 0 0 0 0 0 0 0
ctrl 0x2080a028                              |     10 |      0 | 0 10 0 0 0 0 0 0 0 0 0 0 0 0 0 0 0 0 0 0 0 | 0 0 0 0 0 0 0 0 0 0 0 0 0 0 0 0 0 0 0 0 0
W 0x680000                                   |      3 |      7 | 3 0 0 0 0 0 0 0 0 0 0 0 0 0 0 0 0 0 0 0 0 | 3 0 0 0 0 0 0 1 0 1 0 1 0 0 0 1 0 0 0 0 0
alloc cls=0x2081 parent=0xb2000000 h=0xbc000000 |      4 |      6 | 0 2 1 0 0 0 0 0 0 0 1 0 0 0 0 0 0 0 0 0 0 | 0 3 3 0 0 0 0 0 0 0 0 0 0 0 0 0 0 0 0 0 0
ctrl 0x20800aff                              |      0 |     10 | 0 0 0 0 0 0 0 0 0 0 0 0 0 0 0 0 0 0 0 0 0 | 0 4 6 0 0 0 0 0 0 0 0 0 0 0 0 0 0 0 0 0 0
alloc cls=0x2080 parent=0xb1000000 h=0xb2000000 |      4 |      6 | 0 2 1 0 0 0 0 0 0 0 1 0 0 0 0 0 0 0 0 0 0 | 0 3 3 0 0 0 0 0 0 0 0 0 0 0 0 0 0 0 0 0 0
alloc cls=0x9096 parent=0xff030000 h=0xff1fe002 |      6 |      2 | 0 1 1 0 2 2 0 0 0 0 0 0 0 0 0 0 0 0 0 0 0 | 0 1 1 0 0 0 0 0 0 0 0 0 0 0 0 0 0 0 0 0 0
alloc cls=0x90f1 parent=0xff020000 h=0xff000850 |      6 |      2 | 0 1 1 0 2 2 0 0 0 0 0 0 0 0 0 0 0 0 0 0 0 | 0 1 1 0 0 0 0 0 0 0 0 0 0 0 0 0 0 0 0 0 0
ctrl 0x00801812                              |      6 |      2 | 0 1 1 0 2 2 0 0 0 0 0 0 0 0 0 0 0 0 0 0 0 | 0 1 1 0 0 0 0 0 0 0 0 0 0 0 0 0 0 0 0 0 0
ctrl 0x00731140                              |      8 |      0 | 0 0 8 0 0 0 0 0 0 0 0 0 0 0 0 0 0 0 0 0 0 | 0 0 0 0 0 0 0 0 0 0 0 0 0 0 0 0 0 0 0 0 0
ctrl 0x20801823                              |      8 |      0 | 0 0 4 0 0 0 0 0 0 0 4 0 0 0 0 0 0 0 0 0 0 | 0 0 0 0 0 0 0 0 0 0 0 0 0 0 0 0 0 0 0 0 0
alloc cls=0x0073 parent=0xff020000 h=0xff0a0000 |      6 |      2 | 0 1 1 0 2 2 0 0 0 0 0 0 0 0 0 0 0 0 0 0 0 | 0 1 1 0 0 0 0 0 0 0 0 0 0 0 0 0 0 0 0 0 0
W 0x6f0228                                   |      4 |      4 | 4 0 0 0 0 0 0 0 0 0 0 0 0 0 0 0 0 0 0 0 0 | 4 0 0 0 0 0 0 0 0 0 0 0 0 0 0 0 0 0 0 0 0
W 0x680240                                   |      4 |      3 | 1 0 3 0 0 0 0 0 0 0 0 0 0 0 0 0 0 0 0 0 0 | 1 0 2 0 0 0 0 0 0 0 0 0 0 0 0 0 0 0 0 0 0
kf3 engine: N updates completed, N methods   |      0 |      7 | 0 0 0 0 0 0 0 0 0 0 0 0 0 0 0 0 0 0 0 0 0 | 7 0 0 0 0 0 0 0 0 0 0 0 0 0 0 0 0 0 0 0 0
ctrl 0x2080902b                              |      6 |      0 | 0 5 1 0 0 0 0 0 0 0 0 0 0 0 0 0 0 0 0 0 0 | 0 0 0 0 0 0 0 0 0 0 0 0 0 0 0 0 0 0 0 0 0
ctrl 0x2080a618                              |      4 |      2 | 1 2 1 0 0 0 0 0 0 0 0 0 0 0 0 0 0 0 0 0 0 | 1 1 0 0 0 0 0 0 0 0 0 0 0 0 0 0 0 0 0 0 0
fn 71                                        |      6 |      0 | 0 2 4 0 0 0 0 0 0 0 0 0 0 0 0 0 0 0 0 0 0 | 0 0 0 0 0 0 0 0 0 0 0 0 0 0 0 0 0 0 0 0 0
ctrl 0x00730102                              |      6 |      0 | 0 0 6 0 0 0 0 0 0 0 0 0 0 0 0 0 0 0 0 0 0 | 0 0 0 0 0 0 0 0 0 0 0 0 0 0 0 0 0 0 0 0 0
ctrl 0x00731142                              |      6 |      0 | 0 0 6 0 0 0 0 0 0 0 0 0 0 0 0 0 0 0 0 0 0 | 0 0 0 0 0 0 0 0 0 0 0 0 0 0 0 0 0 0 0 0 0
ctrl 0x2080902c                              |      5 |      0 | 0 4 1 0 0 0 0 0 0 0 0 0 0 0 0 0 0 0 0 0 0 | 0 0 0 0 0 0 0 0 0 0 0 0 0 0 0 0 0 0 0 0 0
ctrl 0x00730280                              |      5 |      0 | 0 0 5 0 0 0 0 0 0 0 0 0 0 0 0 0 0 0 0 0 0 | 0 0 0 0 0 0 0 0 0 0 0 0 0 0 0 0 0 0 0 0 0
W 0x6f0244                                   |      2 |      2 | 2 0 0 0 0 0 0 0 0 0 0 0 0 0 0 0 0 0 0 0 0 | 2 0 0 0 0 0 0 0 0 0 0 0 0 0 0 0 0 0 0 0 0
ctrl 0x2080852a                              |      4 |      0 | 0 3 0 0 0 0 0 0 0 0 1 0 0 0 0 0 0 0 0 0 0 | 0 0 0 0 0 0 0 0 0 0 0 0 0 0 0 0 0 0 0 0 0
W 0x6f024c                                   |      2 |      2 | 2 0 0 0 0 0 0 0 0 0 0 0 0 0 0 0 0 0 0 0 0 | 2 0 0 0 0 0 0 0 0 0 0 0 0 0 0 0 0 0 0 0 0
W 0x6f0234                                   |      2 |      2 | 2 0 0 0 0 0 0 0 0 0 0 0 0 0 0 0 0 0 0 0 0 | 2 0 0 0 0 0 0 0 0 0 0 0 0 0 0 0 0 0 0 0 0
ctrl 0x2080852e                              |      2 |      2 | 1 1 0 0 0 0 0 0 0 0 0 0 0 0 0 0 0 0 0 0 0 | 1 1 0 0 0 0 0 0 0 0 0 0 0 0 0 0 0 0 0 0 0
W 0x6f0238                                   |      2 |      2 | 2 0 0 0 0 0 0 0 0 0 0 0 0 0 0 0 0 0 0 0 0 | 2 0 0 0 0 0 0 0 0 0 0 0 0 0 0 0 0 0 0 0 0
W 0x6f023c                                   |      2 |      2 | 2 0 0 0 0 0 0 0 0 0 0 0 0 0 0 0 0 0 0 0 0 | 2 0 0 0 0 0 0 0 0 0 0 0 0 0 0 0 0 0 0 0 0
W 0x6f0240                                   |      2 |      2 | 2 0 0 0 0 0 0 0 0 0 0 0 0 0 0 0 0 0 0 0 0 | 2 0 0 0 0 0 0 0 0 0 0 0 0 0 0 0 0 0 0 0 0
W 0x6f0230                                   |      2 |      2 | 2 0 0 0 0 0 0 0 0 0 0 0 0 0 0 0 0 0 0 0 0 | 2 0 0 0 0 0 0 0 0 0 0 0 0 0 0 0 0 0 0 0 0
R 0x6f0228                                   |      4 |      0 | 4 0 0 0 0 0 0 0 0 0 0 0 0 0 0 0 0 0 0 0 0 | 0 0 0 0 0 0 0 0 0 0 0 0 0 0 0 0 0 0 0 0 0
W 0x6f022c                                   |      2 |      2 | 2 0 0 0 0 0 0 0 0 0 0 0 0 0 0 0 0 0 0 0 0 | 2 0 0 0 0 0 0 0 0 0 0 0 0 0 0 0 0 0 0 0 0
W 0x6f0248                                   |      2 |      2 | 2 0 0 0 0 0 0 0 0 0 0 0 0 0 0 0 0 0 0 0 0 | 2 0 0 0 0 0 0 0 0 0 0 0 0 0 0 0 0 0 0 0 0
ctrl 0x2080a637                              |      3 |      0 | 0 1 2 0 0 0 0 0 0 0 0 0 0 0 0 0 0 0 0 0 0 | 0 0 0 0 0 0 0 0 0 0 0 0 0 0 0 0 0 0 0 0 0
ctrl 0x2080a0c4                              |      3 |      0 | 0 1 2 0 0 0 0 0 0 0 0 0 0 0 0 0 0 0 0 0 0 | 0 0 0 0 0 0 0 0 0 0 0 0 0 0 0 0 0 0 0 0 0
ctrl 0x20809019                              |      3 |      0 | 0 2 1 0 0 0 0 0 0 0 0 0 0 0 0 0 0 0 0 0 0 | 0 0 0 0 0 0 0 0 0 0 0 0 0 0 0 0 0 0 0 0 0
ctrl 0x2080853a                              |      1 |      2 | 1 0 0 0 0 0 0 0 0 0 0 0 0 0 0 0 0 0 0 0 0 | 1 1 0 0 0 0 0 0 0 0 0 0 0 0 0 0 0 0 0 0 0
ctrl 0x2080a0a7                              |      3 |      0 | 0 2 1 0 0 0 0 0 0 0 0 0 0 0 0 0 0 0 0 0 0 | 0 0 0 0 0 0 0 0 0 0 0 0 0 0 0 0 0 0 0 0 0
ctrl 0x2080a612                              |      3 |      0 | 0 1 2 0 0 0 0 0 0 0 0 0 0 0 0 0 0 0 0 0 0 | 0 0 0 0 0 0 0 0 0 0 0 0 0 0 0 0 0 0 0 0 0
R 0x6b0004                                   |      3 |      0 | 1 0 0 0 0 0 0 0 0 0 0 0 0 0 0 2 0 0 0 0 0 | 0 0 0 0 0 0 0 0 0 0 0 0 0 0 0 0 0 0 0 0 0
ctrl 0x00730108                              |      2 |      1 | 0 0 0 0 0 0 2 0 0 0 0 0 0 0 0 0 0 0 0 0 0 | 0 0 0 0 1 0 0 0 0 0 0 0 0 0 0 0 0 0 0 0 0
ctrl 0x2080a080                              |      2 |      0 | 0 2 0 0 0 0 0 0 0 0 0 0 0 0 0 0 0 0 0 0 0 | 0 0 0 0 0 0 0 0 0 0 0 0 0 0 0 0 0 0 0 0 0
ctrl 0x2080852f                              |      0 |      2 | 0 0 0 0 0 0 0 0 0 0 0 0 0 0 0 0 0 0 0 0 0 | 1 1 0 0 0 0 0 0 0 0 0 0 0 0 0 0 0 0 0 0 0
alloc cls=0xc7b5 parent=0xff04000e h=0xff1fe034 |      1 |      1 | 0 1 0 0 0 0 0 0 0 0 0 0 0 0 0 0 0 0 0 0 0 | 0 1 0 0 0 0 0 0 0 0 0 0 0 0 0 0 0 0 0 0 0
R 0x6f024c                                   |      2 |      0 | 2 0 0 0 0 0 0 0 0 0 0 0 0 0 0 0 0 0 0 0 0 | 0 0 0 0 0 0 0 0 0 0 0 0 0 0 0 0 0 0 0 0 0
R 0x6f023c                                   |      2 |      0 | 2 0 0 0 0 0 0 0 0 0 0 0 0 0 0 0 0 0 0 0 0 | 0 0 0 0 0 0 0 0 0 0 0 0 0 0 0 0 0 0 0 0 0
alloc cls=0xc7b5 parent=0xff040014 h=0xff1fe034 |      1 |      1 | 0 0 1 0 0 0 0 0 0 0 0 0 0 0 0 0 0 0 0 0 0 | 0 0 1 0 0 0 0 0 0 0 0 0 0 0 0 0 0 0 0 0 0
alloc cls=0x5080 parent=0xff04000e h=0xff1fe010 |      1 |      1 | 0 1 0 0 0 0 0 0 0 0 0 0 0 0 0 0 0 0 0 0 0 | 0 1 0 0 0 0 0 0 0 0 0 0 0 0 0 0 0 0 0 0 0
alloc cls=0x0080 parent=0xc1d00032 h=0xb1000000 |      1 |      1 | 0 0 1 0 0 0 0 0 0 0 0 0 0 0 0 0 0 0 0 0 0 | 0 0 1 0 0 0 0 0 0 0 0 0 0 0 0 0 0 0 0 0 0
alloc cls=0x0080 parent=0xc1d00031 h=0xff020000 |      1 |      1 | 0 0 1 0 0 0 0 0 0 0 0 0 0 0 0 0 0 0 0 0 0 | 0 0 1 0 0 0 0 0 0 0 0 0 0 0 0 0 0 0 0 0 0
alloc cls=0x007e parent=0xff1fe120 h=0xff060078 |      1 |      1 | 1 0 0 0 0 0 0 0 0 0 0 0 0 0 0 0 0 0 0 0 0 | 1 0 0 0 0 0 0 0 0 0 0 0 0 0 0 0 0 0 0 0 0
alloc cls=0x5080 parent=0xff04000f h=0xff1fe010 |      1 |      1 | 0 1 0 0 0 0 0 0 0 0 0 0 0 0 0 0 0 0 0 0 0 | 0 1 0 0 0 0 0 0 0 0 0 0 0 0 0 0 0 0 0 0 0
ctrl 0x2080a619                              |      0 |      2 | 0 0 0 0 0 0 0 0 0 0 0 0 0 0 0 0 0 0 0 0 0 | 1 1 0 0 0 0 0 0 0 0 0 0 0 0 0 0 0 0 0 0 0
alloc cls=0x0080 parent=0xc1d00038 h=0xff020000 |      1 |      1 | 0 0 0 0 1 0 0 0 0 0 0 0 0 0 0 0 0 0 0 0 0 | 0 0 1 0 0 0 0 0 0 0 0 0 0 0 0 0 0 0 0 0 0
ctrl 0x20809001                              |      2 |      0 | 0 0 2 0 0 0 0 0 0 0 0 0 0 0 0 0 0 0 0 0 0 | 0 0 0 0 0 0 0 0 0 0 0 0 0 0 0 0 0 0 0 0 0
R 0x6f022c                                   |      2 |      0 | 2 0 0 0 0 0 0 0 0 0 0 0 0 0 0 0 0 0 0 0 0 | 0 0 0 0 0 0 0 0 0 0 0 0 0 0 0 0 0 0 0 0 0
alloc cls=0x5080 parent=0xff040011 h=0xff1fe010 |      1 |      1 | 0 1 0 0 0 0 0 0 0 0 0 0 0 0 0 0 0 0 0 0 0 | 0 0 1 0 0 0 0 0 0 0 0 0 0 0 0 0 0 0 0 0 0
alloc cls=0xc56f parent=0xff0e0000 h=0xff04000e |      1 |      1 | 0 1 0 0 0 0 0 0 0 0 0 0 0 0 0 0 0 0 0 0 0 | 0 1 0 0 0 0 0 0 0 0 0 0 0 0 0 0 0 0 0 0 0
alloc cls=0x0080 parent=0xc1d00029 h=0xff020000 |      1 |      1 | 0 1 0 0 0 0 0 0 0 0 0 0 0 0 0 0 0 0 0 0 0 | 0 1 0 0 0 0 0 0 0 0 0 0 0 0 0 0 0 0 0 0 0
alloc cls=0xc56f parent=0xff0e0000 h=0xff040012 |      1 |      1 | 0 0 1 0 0 0 0 0 0 0 0 0 0 0 0 0 0 0 0 0 0 | 0 0 1 0 0 0 0 0 0 0 0 0 0 0 0 0 0 0 0 0 0
alloc cls=0xc56f parent=0xff0e0000 h=0xff040011 |      1 |      1 | 0 1 0 0 0 0 0 0 0 0 0 0 0 0 0 0 0 0 0 0 0 | 0 0 1 0 0 0 0 0 0 0 0 0 0 0 0 0 0 0 0 0 0
R 0x6f0234                                   |      2 |      0 | 2 0 0 0 0 0 0 0 0 0 0 0 0 0 0 0 0 0 0 0 0 | 0 0 0 0 0 0 0 0 0 0 0 0 0 0 0 0 0 0 0 0 0
alloc cls=0xc7b5 parent=0xff04000f h=0xff1fe034 |      1 |      1 | 0 1 0 0 0 0 0 0 0 0 0 0 0 0 0 0 0 0 0 0 0 | 0 1 0 0 0 0 0 0 0 0 0 0 0 0 0 0 0 0 0 0 0
alloc cls=0x0080 parent=0xc1d00030 h=0xff020000 |      1 |      1 | 0 1 0 0 0 0 0 0 0 0 0 0 0 0 0 0 0 0 0 0 0 | 0 1 0 0 0 0 0 0 0 0 0 0 0 0 0 0 0 0 0 0 0
alloc cls=0x0080 parent=0xc1d00037 h=0xff020000 |      1 |      1 | 0 0 1 0 0 0 0 0 0 0 0 0 0 0 0 0 0 0 0 0 0 | 0 0 1 0 0 0 0 0 0 0 0 0 0 0 0 0 0 0 0 0 0
alloc cls=0x0080 parent=0xc1d0002b h=0xff020000 |      1 |      1 | 0 1 0 0 0 0 0 0 0 0 0 0 0 0 0 0 0 0 0 0 0 | 0 1 0 0 0 0 0 0 0 0 0 0 0 0 0 0 0 0 0 0 0
ctrl 0x2080a0c8                              |      2 |      0 | 0 2 0 0 0 0 0 0 0 0 0 0 0 0 0 0 0 0 0 0 0 | 0 0 0 0 0 0 0 0 0 0 0 0 0 0 0 0 0 0 0 0 0
R 0x6f0240                                   |      2 |      0 | 2 0 0 0 0 0 0 0 0 0 0 0 0 0 0 0 0 0 0 0 0 | 0 0 0 0 0 0 0 0 0 0 0 0 0 0 0 0 0 0 0 0 0
alloc cls=0xc56f parent=0xff0e0000 h=0xff040014 |      1 |      1 | 0 0 1 0 0 0 0 0 0 0 0 0 0 0 0 0 0 0 0 0 0 | 0 0 1 0 0 0 0 0 0 0 0 0 0 0 0 0 0 0 0 0 0
ctrl 0x2080853b                              |      0 |      2 | 0 0 0 0 0 0 0 0 0 0 0 0 0 0 0 0 0 0 0 0 0 | 1 1 0 0 0 0 0 0 0 0 0 0 0 0 0 0 0 0 0 0 0
alloc cls=0xc7b5 parent=0xff040012 h=0xff1fe034 |      1 |      1 | 0 0 1 0 0 0 0 0 0 0 0 0 0 0 0 0 0 0 0 0 0 | 0 0 1 0 0 0 0 0 0 0 0 0 0 0 0 0 0 0 0 0 0
alloc cls=0x0080 parent=0xc1d00036 h=0xff020000 |      1 |      1 | 0 0 1 0 0 0 0 0 0 0 0 0 0 0 0 0 0 0 0 0 0 | 0 0 1 0 0 0 0 0 0 0 0 0 0 0 0 0 0 0 0 0 0
alloc cls=0x0080 parent=0xc1d0002d h=0xb1000000 |      1 |      1 | 0 1 0 0 0 0 0 0 0 0 0 0 0 0 0 0 0 0 0 0 0 | 0 1 0 0 0 0 0 0 0 0 0 0 0 0 0 0 0 0 0 0 0
ctrl 0xc3720101                              |      1 |      1 | 0 1 0 0 0 0 0 0 0 0 0 0 0 0 0 0 0 0 0 0 0 | 0 1 0 0 0 0 0 0 0 0 0 0 0 0 0 0 0 0 0 0 0
alloc cls=0xc7b5 parent=0xff040010 h=0xff1fe034 |      1 |      1 | 0 1 0 0 0 0 0 0 0 0 0 0 0 0 0 0 0 0 0 0 0 | 0 1 0 0 0 0 0 0 0 0 0 0 0 0 0 0 0 0 0 0 0
alloc cls=0x5080 parent=0xff040012 h=0xff1fe010 |      1 |      1 | 0 0 1 0 0 0 0 0 0 0 0 0 0 0 0 0 0 0 0 0 0 | 0 0 1 0 0 0 0 0 0 0 0 0 0 0 0 0 0 0 0 0 0
alloc cls=0x0080 parent=0xc1d00039 h=0xff020000 |      1 |      1 | 0 0 0 0 1 0 0 0 0 0 0 0 0 0 0 0 0 0 0 0 0 | 0 0 1 0 0 0 0 0 0 0 0 0 0 0 0 0 0 0 0 0 0
ctrl 0x2080a088                              |      2 |      0 | 0 0 2 0 0 0 0 0 0 0 0 0 0 0 0 0 0 0 0 0 0 | 0 0 0 0 0 0 0 0 0 0 0 0 0 0 0 0 0 0 0 0 0
alloc cls=0xc56f parent=0xff0e0000 h=0xff04000f |      1 |      1 | 0 1 0 0 0 0 0 0 0 0 0 0 0 0 0 0 0 0 0 0 0 | 0 1 0 0 0 0 0 0 0 0 0 0 0 0 0 0 0 0 0 0 0
alloc cls=0xc56f parent=0xff0e0000 h=0xff040013 |      1 |      1 | 0 0 1 0 0 0 0 0 0 0 0 0 0 0 0 0 0 0 0 0 0 | 0 0 1 0 0 0 0 0 0 0 0 0 0 0 0 0 0 0 0 0 0
alloc cls=0x5080 parent=0xff040010 h=0xff1fe010 |      1 |      1 | 0 1 0 0 0 0 0 0 0 0 0 0 0 0 0 0 0 0 0 0 0 | 0 1 0 0 0 0 0 0 0 0 0 0 0 0 0 0 0 0 0 0 0
alloc cls=0x0080 parent=0xc1d00033 h=0xff020000 |      1 |      1 | 0 0 1 0 0 0 0 0 0 0 0 0 0 0 0 0 0 0 0 0 0 | 0 0 1 0 0 0 0 0 0 0 0 0 0 0 0 0 0 0 0 0 0
R 0x6f0244                                   |      2 |      0 | 2 0 0 0 0 0 0 0 0 0 0 0 0 0 0 0 0 0 0 0 0 | 0 0 0 0 0 0 0 0 0 0 0 0 0 0 0 0 0 0 0 0 0
ctrl 0x2080d02d                              |      2 |      0 | 0 1 1 0 0 0 0 0 0 0 0 0 0 0 0 0 0 0 0 0 0 | 0 0 0 0 0 0 0 0 0 0 0 0 0 0 0 0 0 0 0 0 0
alloc cls=0xc56f parent=0xff0e0000 h=0xff040010 |      1 |      1 | 0 1 0 0 0 0 0 0 0 0 0 0 0 0 0 0 0 0 0 0 0 | 0 1 0 0 0 0 0 0 0 0 0 0 0 0 0 0 0 0 0 0 0
alloc cls=0x5080 parent=0xff040014 h=0xff1fe010 |      1 |      1 | 0 0 1 0 0 0 0 0 0 0 0 0 0 0 0 0 0 0 0 0 0 | 0 0 1 0 0 0 0 0 0 0 0 0 0 0 0 0 0 0 0 0 0
alloc cls=0xc7b5 parent=0xff040011 h=0xff1fe034 |      1 |      1 | 0 1 0 0 0 0 0 0 0 0 0 0 0 0 0 0 0 0 0 0 0 | 0 0 1 0 0 0 0 0 0 0 0 0 0 0 0 0 0 0 0 0 0
R 0x6f0238                                   |      2 |      0 | 2 0 0 0 0 0 0 0 0 0 0 0 0 0 0 0 0 0 0 0 0 | 0 0 0 0 0 0 0 0 0 0 0 0 0 0 0 0 0 0 0 0 0
R 0x6f0230                                   |      2 |      0 | 2 0 0 0 0 0 0 0 0 0 0 0 0 0 0 0 0 0 0 0 0 | 0 0 0 0 0 0 0 0 0 0 0 0 0 0 0 0 0 0 0 0 0
alloc cls=0x0080 parent=0xc1d0002a h=0xff020000 |      1 |      1 | 0 1 0 0 0 0 0 0 0 0 0 0 0 0 0 0 0 0 0 0 0 | 0 1 0 0 0 0 0 0 0 0 0 0 0 0 0 0 0 0 0 0 0
alloc cls=0xc7b5 parent=0xff040013 h=0xff1fe034 |      1 |      1 | 0 0 1 0 0 0 0 0 0 0 0 0 0 0 0 0 0 0 0 0 0 | 0 0 1 0 0 0 0 0 0 0 0 0 0 0 0 0 0 0 0 0 0
alloc cls=0x0080 parent=0xc1d0002e h=0xb1000000 |      1 |      1 | 0 1 0 0 0 0 0 0 0 0 0 0 0 0 0 0 0 0 0 0 0 | 0 1 0 0 0 0 0 0 0 0 0 0 0 0 0 0 0 0 0 0 0
alloc cls=0x5080 parent=0xff040013 h=0xff1fe010 |      1 |      1 | 0 0 1 0 0 0 0 0 0 0 0 0 0 0 0 0 0 0 0 0 0 | 0 0 1 0 0 0 0 0 0 0 0 0 0 0 0 0 0 0 0 0 0
alloc cls=0x0080 parent=0xc1d0002f h=0xff020000 |      1 |      1 | 0 1 0 0 0 0 0 0 0 0 0 0 0 0 0 0 0 0 0 0 0 | 0 1 0 0 0 0 0 0 0 0 0 0 0 0 0 0 0 0 0 0 0
R 0x6f0248                                   |      2 |      0 | 2 0 0 0 0 0 0 0 0 0 0 0 0 0 0 0 0 0 0 0 0 | 0 0 0 0 0 0 0 0 0 0 0 0 0 0 0 0 0 0 0 0 0
ctrl 0x2080a0c5                              |      1 |      0 | 0 1 0 0 0 0 0 0 0 0 0 0 0 0 0 0 0 0 0 0 0 | 0 0 0 0 0 0 0 0 0 0 0 0 0 0 0 0 0 0 0 0 0
alloc cls=0x0080 parent=0xc1d0003f h=0xff020000 |      1 |      0 | 0 0 0 0 1 0 0 0 0 0 0 0 0 0 0 0 0 0 0 0 0 | 0 0 0 0 0 0 0 0 0 0 0 0 0 0 0 0 0 0 0 0 0
ctrl 0x00809908                              |      1 |      0 | 0 0 0 0 1 0 0 0 0 0 0 0 0 0 0 0 0 0 0 0 0 | 0 0 0 0 0 0 0 0 0 0 0 0 0 0 0 0 0 0 0 0 0
alloc cls=0x0080 parent=0xc1d0003c h=0xff020000 |      1 |      0 | 0 0 0 0 1 0 0 0 0 0 0 0 0 0 0 0 0 0 0 0 0 | 0 0 0 0 0 0 0 0 0 0 0 0 0 0 0 0 0 0 0 0 0
alloc cls=0xc7b5 parent=0xff040017 h=0xff1fe034 |      1 |      0 | 0 0 0 0 1 0 0 0 0 0 0 0 0 0 0 0 0 0 0 0 0 | 0 0 0 0 0 0 0 0 0 0 0 0 0 0 0 0 0 0 0 0 0
alloc cls=0xc997 parent=0xff040017 h=0xff1fe026 |      1 |      0 | 0 0 0 0 1 0 0 0 0 0 0 0 0 0 0 0 0 0 0 0 0 | 0 0 0 0 0 0 0 0 0 0 0 0 0 0 0 0 0 0 0 0 0
alloc cls=0xc9c0 parent=0xff04000e h=0xff1fe032 |      1 |      0 | 0 1 0 0 0 0 0 0 0 0 0 0 0 0 0 0 0 0 0 0 0 | 0 0 0 0 0 0 0 0 0 0 0 0 0 0 0 0 0 0 0 0 0
alloc cls=0xa140 parent=0xff04001b h=0xff1fe01a |      1 |      0 | 0 0 0 0 0 1 0 0 0 0 0 0 0 0 0 0 0 0 0 0 0 | 0 0 0 0 0 0 0 0 0 0 0 0 0 0 0 0 0 0 0 0 0
alloc cls=0x0080 parent=0xc1d0003d h=0xff020000 |      1 |      0 | 0 0 0 0 1 0 0 0 0 0 0 0 0 0 0 0 0 0 0 0 0 | 0 0 0 0 0 0 0 0 0 0 0 0 0 0 0 0 0 0 0 0 0
alloc cls=0xa140 parent=0xff040020 h=0xff1fe01a |      1 |      0 | 0 0 0 0 0 0 1 0 0 0 0 0 0 0 0 0 0 0 0 0 0 | 0 0 0 0 0 0 0 0 0 0 0 0 0 0 0 0 0 0 0 0 0
alloc cls=0xc7b5 parent=0xff040019 h=0xff1fe034 |      1 |      0 | 0 0 0 0 1 0 0 0 0 0 0 0 0 0 0 0 0 0 0 0 0 | 0 0 0 0 0 0 0 0 0 0 0 0 0 0 0 0 0 0 0 0 0
R 0x611c0c                                   |      1 |      0 | 0 0 0 0 0 0 1 0 0 0 0 0 0 0 0 0 0 0 0 0 0 | 0 0 0 0 0 0 0 0 0 0 0 0 0 0 0 0 0 0 0 0 0
alloc cls=0x5080 parent=0xff04001b h=0xff1fe010 |      1 |      0 | 0 0 0 0 0 1 0 0 0 0 0 0 0 0 0 0 0 0 0 0 0 | 0 0 0 0 0 0 0 0 0 0 0 0 0 0 0 0 0 0 0 0 0
alloc cls=0xc9c0 parent=0xff040014 h=0xff1fe032 |      1 |      0 | 0 0 1 0 0 0 0 0 0 0 0 0 0 0 0 0 0 0 0 0 0 | 0 0 0 0 0 0 0 0 0 0 0 0 0 0 0 0 0 0 0 0 0
alloc cls=0x5080 parent=0xff040015 h=0xff1fe010 |      1 |      0 | 0 0 1 0 0 0 0 0 0 0 0 0 0 0 0 0 0 0 0 0 0 | 0 0 0 0 0 0 0 0 0 0 0 0 0 0 0 0 0 0 0 0 0
alloc cls=0xc997 parent=0xff04000d h=0xff1fe026 |      0 |      1 | 0 0 0 0 0 0 0 0 0 0 0 0 0 0 0 0 0 0 0 0 0 | 0 1 0 0 0 0 0 0 0 0 0 0 0 0 0 0 0 0 0 0 0
alloc cls=0xc9c0 parent=0xff040010 h=0xff1fe032 |      1 |      0 | 0 1 0 0 0 0 0 0 0 0 0 0 0 0 0 0 0 0 0 0 0 | 0 0 0 0 0 0 0 0 0 0 0 0 0 0 0 0 0 0 0 0 0
ctrl 0x2080a095                              |      1 |      0 | 0 1 0 0 0 0 0 0 0 0 0 0 0 0 0 0 0 0 0 0 0 | 0 0 0 0 0 0 0 0 0 0 0 0 0 0 0 0 0 0 0 0 0
alloc cls=0xc7b5 parent=0xff04001a h=0xff1fe034 |      1 |      0 | 0 0 0 0 0 1 0 0 0 0 0 0 0 0 0 0 0 0 0 0 0 | 0 0 0 0 0 0 0 0 0 0 0 0 0 0 0 0 0 0 0 0 0
alloc cls=0x5080 parent=0xff04001f h=0xff1fe010 |      1 |      0 | 0 0 0 0 0 0 1 0 0 0 0 0 0 0 0 0 0 0 0 0 0 | 0 0 0 0 0 0 0 0 0 0 0 0 0 0 0 0 0 0 0 0 0
alloc cls=0x0080 parent=0xc1d0004b h=0xff020000 |      1 |      0 | 0 0 0 0 0 0 1 0 0 0 0 0 0 0 0 0 0 0 0 0 0 | 0 0 0 0 0 0 0 0 0 0 0 0 0 0 0 0 0 0 0 0 0
alloc cls=0xa140 parent=0xff040014 h=0xff1fe01a |      1 |      0 | 0 0 1 0 0 0 0 0 0 0 0 0 0 0 0 0 0 0 0 0 0 | 0 0 0 0 0 0 0 0 0 0 0 0 0 0 0 0 0 0 0 0 0
alloc cls=0xc56f parent=0xff0e0000 h=0xff04000d |      0 |      1 | 0 0 0 0 0 0 0 0 0 0 0 0 0 0 0 0 0 0 0 0 0 | 0 1 0 0 0 0 0 0 0 0 0 0 0 0 0 0 0 0 0 0 0
alloc cls=0x902d parent=0xff040020 h=0xff1fe02c |      1 |      0 | 0 0 0 0 0 0 1 0 0 0 0 0 0 0 0 0 0 0 0 0 0 | 0 0 0 0 0 0 0 0 0 0 0 0 0 0 0 0 0 0 0 0 0
alloc cls=0x0080 parent=0xc1d0002c h=0xff020000 |      1 |      0 | 0 1 0 0 0 0 0 0 0 0 0 0 0 0 0 0 0 0 0 0 0 | 0 0 0 0 0 0 0 0 0 0 0 0 0 0 0 0 0 0 0 0 0
alloc cls=0xc997 parent=0xff04001a h=0xff1fe026 |      1 |      0 | 0 0 0 0 0 1 0 0 0 0 0 0 0 0 0 0 0 0 0 0 0 | 0 0 0 0 0 0 0 0 0 0 0 0 0 0 0 0 0 0 0 0 0
ctrl 0x2080e0af                              |      1 |      0 | 0 0 1 0 0 0 0 0 0 0 0 0 0 0 0 0 0 0 0 0 0 | 0 0 0 0 0 0 0 0 0 0 0 0 0 0 0 0 0 0 0 0 0
kf3 engine: scanout REFUSED SDR colour program: LUT requires matching un |      0 |      1 | 0 0 0 0 0 0 0 0 0 0 0 0 0 0 0 0 0 0 0 0 0 | 1 0 0 0 0 0 0 0 0 0 0 0 0 0 0 0 0 0 0 0 0
alloc cls=0xc9c0 parent=0xff04000f h=0xff1fe032 |      0 |      1 | 0 0 0 0 0 0 0 0 0 0 0 0 0 0 0 0 0 0 0 0 0 | 0 1 0 0 0 0 0 0 0 0 0 0 0 0 0 0 0 0 0 0 0
ctrl 0x2080901b                              |      1 |      0 | 0 1 0 0 0 0 0 0 0 0 0 0 0 0 0 0 0 0 0 0 0 | 0 0 0 0 0 0 0 0 0 0 0 0 0 0 0 0 0 0 0 0 0
alloc cls=0xc9c0 parent=0xff04001a h=0xff1fe032 |      1 |      0 | 0 0 0 0 0 1 0 0 0 0 0 0 0 0 0 0 0 0 0 0 0 | 0 0 0 0 0 0 0 0 0 0 0 0 0 0 0 0 0 0 0 0 0
alloc cls=0xc997 parent=0xff040016 h=0xff1fe026 |      1 |      0 | 0 0 0 0 1 0 0 0 0 0 0 0 0 0 0 0 0 0 0 0 0 | 0 0 0 0 0 0 0 0 0 0 0 0 0 0 0 0 0 0 0 0 0
alloc cls=0xc9c0 parent=0xff040016 h=0xff1fe032 |      1 |      0 | 0 0 0 0 1 0 0 0 0 0 0 0 0 0 0 0 0 0 0 0 0 | 0 0 0 0 0 0 0 0 0 0 0 0 0 0 0 0 0 0 0 0 0
R 0x611c08                                   |      1 |      0 | 0 0 0 0 0 0 1 0 0 0 0 0 0 0 0 0 0 0 0 0 0 | 0 0 0 0 0 0 0 0 0 0 0 0 0 0 0 0 0 0 0 0 0
alloc cls=0x0080 parent=0xc1d00046 h=0xff020000 |      1 |      0 | 0 0 0 0 0 1 0 0 0 0 0 0 0 0 0 0 0 0 0 0 0 | 0 0 0 0 0 0 0 0 0 0 0 0 0 0 0 0 0 0 0 0 0
alloc cls=0x0080 parent=0xc1d00045 h=0xff020000 |      1 |      0 | 0 0 0 0 0 1 0 0 0 0 0 0 0 0 0 0 0 0 0 0 0 | 0 0 0 0 0 0 0 0 0 0 0 0 0 0 0 0 0 0 0 0 0
alloc cls=0x0080 parent=0xc1d0003b h=0xff020000 |      1 |      0 | 0 0 0 0 1 0 0 0 0 0 0 0 0 0 0 0 0 0 0 0 0 | 0 0 0 0 0 0 0 0 0 0 0 0 0 0 0 0 0 0 0 0 0
ctrl 0x2080a026                              |      1 |      0 | 0 1 0 0 0 0 0 0 0 0 0 0 0 0 0 0 0 0 0 0 0 | 0 0 0 0 0 0 0 0 0 0 0 0 0 0 0 0 0 0 0 0 0
alloc cls=0xa140 parent=0xff040016 h=0xff1fe01a |      1 |      0 | 0 0 0 0 1 0 0 0 0 0 0 0 0 0 0 0 0 0 0 0 0 | 0 0 0 0 0 0 0 0 0 0 0 0 0 0 0 0 0 0 0 0 0
ctrl 0x2080a079                              |      1 |      0 | 0 0 1 0 0 0 0 0 0 0 0 0 0 0 0 0 0 0 0 0 0 | 0 0 0 0 0 0 0 0 0 0 0 0 0 0 0 0 0 0 0 0 0
alloc cls=0xc7b5 parent=0xff04001d h=0xff1fe034 |      1 |      0 | 0 0 0 0 0 1 0 0 0 0 0 0 0 0 0 0 0 0 0 0 0 | 0 0 0 0 0 0 0 0 0 0 0 0 0 0 0 0 0 0 0 0 0
alloc cls=0xc9c0 parent=0xff040012 h=0xff1fe032 |      1 |      0 | 0 0 1 0 0 0 0 0 0 0 0 0 0 0 0 0 0 0 0 0 0 | 0 0 0 0 0 0 0 0 0 0 0 0 0 0 0 0 0 0 0 0 0
alloc cls=0xc56f parent=0xff0e0000 h=0xff040016 |      1 |      0 | 0 0 0 0 1 0 0 0 0 0 0 0 0 0 0 0 0 0 0 0 0 | 0 0 0 0 0 0 0 0 0 0 0 0 0 0 0 0 0 0 0 0 0
alloc cls=0x5080 parent=0xff040017 h=0xff1fe010 |      1 |      0 | 0 0 0 0 1 0 0 0 0 0 0 0 0 0 0 0 0 0 0 0 0 | 0 0 0 0 0 0 0 0 0 0 0 0 0 0 0 0 0 0 0 0 0
R 0x611c04                                   |      1 |      0 | 0 0 0 0 0 0 1 0 0 0 0 0 0 0 0 0 0 0 0 0 0 | 0 0 0 0 0 0 0 0 0 0 0 0 0 0 0 0 0 0 0 0 0
ctrl 0x2080852b                              |      1 |      0 | 0 1 0 0 0 0 0 0 0 0 0 0 0 0 0 0 0 0 0 0 0 | 0 0 0 0 0 0 0 0 0 0 0 0 0 0 0 0 0 0 0 0 0
alloc cls=0xc997 parent=0xff040013 h=0xff1fe026 |      0 |      1 | 0 0 0 0 0 0 0 0 0 0 0 0 0 0 0 0 0 0 0 0 0 | 0 0 1 0 0 0 0 0 0 0 0 0 0 0 0 0 0 0 0 0 0
alloc cls=0xc9c0 parent=0xff04000d h=0xff1fe032 |      0 |      1 | 0 0 0 0 0 0 0 0 0 0 0 0 0 0 0 0 0 0 0 0 0 | 0 1 0 0 0 0 0 0 0 0 0 0 0 0 0 0 0 0 0 0 0
alloc cls=0xc56f parent=0xff0e0000 h=0xff04001c |      1 |      0 | 0 0 0 0 0 1 0 0 0 0 0 0 0 0 0 0 0 0 0 0 0 | 0 0 0 0 0 0 0 0 0 0 0 0 0 0 0 0 0 0 0 0 0
alloc cls=0xc7b5 parent=0xff040016 h=0xff1fe034 |      1 |      0 | 0 0 0 0 1 0 0 0 0 0 0 0 0 0 0 0 0 0 0 0 0 | 0 0 0 0 0 0 0 0 0 0 0 0 0 0 0 0 0 0 0 0 0
alloc cls=0x5080 parent=0xff040019 h=0xff1fe010 |      1 |      0 | 0 0 0 0 1 0 0 0 0 0 0 0 0 0 0 0 0 0 0 0 0 | 0 0 0 0 0 0 0 0 0 0 0 0 0 0 0 0 0 0 0 0 0
alloc cls=0xc997 parent=0xff040010 h=0xff1fe026 |      1 |      0 | 0 1 0 0 0 0 0 0 0 0 0 0 0 0 0 0 0 0 0 0 0 | 0 0 0 0 0 0 0 0 0 0 0 0 0 0 0 0 0 0 0 0 0
alloc cls=0x902d parent=0xff040013 h=0xff1fe02c |      0 |      1 | 0 0 0 0 0 0 0 0 0 0 0 0 0 0 0 0 0 0 0 0 0 | 0 0 1 0 0 0 0 0 0 0 0 0 0 0 0 0 0 0 0 0 0
alloc cls=0x0080 parent=0xc1d0004d h=0xb1000000 |      1 |      0 | 0 0 0 0 0 0 0 0 0 0 1 0 0 0 0 0 0 0 0 0 0 | 0 0 0 0 0 0 0 0 0 0 0 0 0 0 0 0 0 0 0 0 0
alloc cls=0xc997 parent=0xff04001e h=0xff1fe026 |      1 |      0 | 0 0 0 0 0 0 1 0 0 0 0 0 0 0 0 0 0 0 0 0 0 | 0 0 0 0 0 0 0 0 0 0 0 0 0 0 0 0 0 0 0 0 0
alloc cls=0x0080 parent=0xc1d00035 h=0xff020000 |      1 |      0 | 0 0 1 0 0 0 0 0 0 0 0 0 0 0 0 0 0 0 0 0 0 | 0 0 0 0 0 0 0 0 0 0 0 0 0 0 0 0 0 0 0 0 0
alloc cls=0x0080 parent=0xc1d00034 h=0xff020000 |      1 |      0 | 0 0 1 0 0 0 0 0 0 0 0 0 0 0 0 0 0 0 0 0 0 | 0 0 0 0 0 0 0 0 0 0 0 0 0 0 0 0 0 0 0 0 0
alloc cls=0xc7b5 parent=0xff04000d h=0xff1fe034 |      0 |      1 | 0 0 0 0 0 0 0 0 0 0 0 0 0 0 0 0 0 0 0 0 0 | 0 1 0 0 0 0 0 0 0 0 0 0 0 0 0 0 0 0 0 0 0
alloc cls=0xa140 parent=0xff04001a h=0xff1fe01a |      1 |      0 | 0 0 0 0 0 1 0 0 0 0 0 0 0 0 0 0 0 0 0 0 0 | 0 0 0 0 0 0 0 0 0 0 0 0 0 0 0 0 0 0 0 0 0
alloc cls=0xc7b5 parent=0xff04001f h=0xff1fe034 |      1 |      0 | 0 0 0 0 0 0 1 0 0 0 0 0 0 0 0 0 0 0 0 0 0 | 0 0 0 0 0 0 0 0 0 0 0 0 0 0 0 0 0 0 0 0 0
alloc cls=0x902d parent=0xff040014 h=0xff1fe02c |      1 |      0 | 0 0 1 0 0 0 0 0 0 0 0 0 0 0 0 0 0 0 0 0 0 | 0 0 0 0 0 0 0 0 0 0 0 0 0 0 0 0 0 0 0 0 0
alloc cls=0xc9c0 parent=0xff040017 h=0xff1fe032 |      1 |      0 | 0 0 0 0 1 0 0 0 0 0 0 0 0 0 0 0 0 0 0 0 0 | 0 0 0 0 0 0 0 0 0 0 0 0 0 0 0 0 0 0 0 0 0
alloc cls=0x902d parent=0xff040016 h=0xff1fe02c |      1 |      0 | 0 0 0 0 1 0 0 0 0 0 0 0 0 0 0 0 0 0 0 0 0 | 0 0 0 0 0 0 0 0 0 0 0 0 0 0 0 0 0 0 0 0 0
alloc cls=0x0080 parent=0xc1d0003e h=0xff020000 |      1 |      0 | 0 0 0 0 1 0 0 0 0 0 0 0 0 0 0 0 0 0 0 0 0 | 0 0 0 0 0 0 0 0 0 0 0 0 0 0 0 0 0 0 0 0 0
alloc cls=0x5080 parent=0xff04001a h=0xff1fe010 |      1 |      0 | 0 0 0 0 0 1 0 0 0 0 0 0 0 0 0 0 0 0 0 0 0 | 0 0 0 0 0 0 0 0 0 0 0 0 0 0 0 0 0 0 0 0 0
alloc cls=0xc56f parent=0xff0e0000 h=0xff040021 |      1 |      0 | 0 0 0 0 0 0 1 0 0 0 0 0 0 0 0 0 0 0 0 0 0 | 0 0 0 0 0 0 0 0 0 0 0 0 0 0 0 0 0 0 0 0 0
alloc cls=0x902d parent=0xff040010 h=0xff1fe02c |      1 |      0 | 0 1 0 0 0 0 0 0 0 0 0 0 0 0 0 0 0 0 0 0 0 | 0 0 0 0 0 0 0 0 0 0 0 0 0 0 0 0 0 0 0 0 0
ctrl 0x2080b216                              |      1 |      0 | 0 1 0 0 0 0 0 0 0 0 0 0 0 0 0 0 0 0 0 0 0 | 0 0 0 0 0 0 0 0 0 0 0 0 0 0 0 0 0 0 0 0 0
alloc cls=0xc56f parent=0xff0e0000 h=0xff040015 |      1 |      0 | 0 0 1 0 0 0 0 0 0 0 0 0 0 0 0 0 0 0 0 0 0 | 0 0 0 0 0 0 0 0 0 0 0 0 0 0 0 0 0 0 0 0 0
alloc cls=0x902d parent=0xff04000e h=0xff1fe02c |      1 |      0 | 0 1 0 0 0 0 0 0 0 0 0 0 0 0 0 0 0 0 0 0 0 | 0 0 0 0 0 0 0 0 0 0 0 0 0 0 0 0 0 0 0 0 0
alloc cls=0xc56f parent=0xff0e0000 h=0xff040020 |      1 |      0 | 0 0 0 0 0 0 1 0 0 0 0 0 0 0 0 0 0 0 0 0 0 | 0 0 0 0 0 0 0 0 0 0 0 0 0 0 0 0 0 0 0 0 0
alloc cls=0xc7b5 parent=0xff040018 h=0xff1fe034 |      1 |      0 | 0 0 0 0 1 0 0 0 0 0 0 0 0 0 0 0 0 0 0 0 0 | 0 0 0 0 0 0 0 0 0 0 0 0 0 0 0 0 0 0 0 0 0
ctrl 0x2080880f                              |      1 |      0 | 0 0 1 0 0 0 0 0 0 0 0 0 0 0 0 0 0 0 0 0 0 | 0 0 0 0 0 0 0 0 0 0 0 0 0 0 0 0 0 0 0 0 0
alloc cls=0x0080 parent=0xc1d00040 h=0xff020000 |      1 |      0 | 0 0 0 0 0 1 0 0 0 0 0 0 0 0 0 0 0 0 0 0 0 | 0 0 0 0 0 0 0 0 0 0 0 0 0 0 0 0 0 0 0 0 0
alloc cls=0x2080 parent=0xff0c0100 h=0xff0c0200 |      1 |      0 | 0 0 0 0 0 0 0 0 0 0 1 0 0 0 0 0 0 0 0 0 0 | 0 0 0 0 0 0 0 0 0 0 0 0 0 0 0 0 0 0 0 0 0
alloc cls=0xc7b5 parent=0xff04001e h=0xff1fe034 |      1 |      0 | 0 0 0 0 0 0 1 0 0 0 0 0 0 0 0 0 0 0 0 0 0 | 0 0 0 0 0 0 0 0 0 0 0 0 0 0 0 0 0 0 0 0 0
alloc cls=0xc997 parent=0xff04001b h=0xff1fe026 |      1 |      0 | 0 0 0 0 0 1 0 0 0 0 0 0 0 0 0 0 0 0 0 0 0 | 0 0 0 0 0 0 0 0 0 0 0 0 0 0 0 0 0 0 0 0 0
alloc cls=0xa140 parent=0xff040013 h=0xff1fe01a |      0 |      1 | 0 0 0 0 0 0 0 0 0 0 0 0 0 0 0 0 0 0 0 0 0 | 0 0 1 0 0 0 0 0 0 0 0 0 0 0 0 0 0 0 0 0 0
alloc cls=0x5080 parent=0xff040016 h=0xff1fe010 |      1 |      0 | 0 0 0 0 1 0 0 0 0 0 0 0 0 0 0 0 0 0 0 0 0 | 0 0 0 0 0 0 0 0 0 0 0 0 0 0 0 0 0 0 0 0 0
alloc cls=0x5080 parent=0xff040018 h=0xff1fe010 |      1 |      0 | 0 0 0 0 1 0 0 0 0 0 0 0 0 0 0 0 0 0 0 0 0 | 0 0 0 0 0 0 0 0 0 0 0 0 0 0 0 0 0 0 0 0 0
alloc cls=0xc9c0 parent=0xff040011 h=0xff1fe032 |      0 |      1 | 0 0 0 0 0 0 0 0 0 0 0 0 0 0 0 0 0 0 0 0 0 | 0 0 1 0 0 0 0 0 0 0 0 0 0 0 0 0 0 0 0 0 0
ctrl 0x00730245                              |      1 |      0 | 0 0 0 0 0 0 1 0 0 0 0 0 0 0 0 0 0 0 0 0 0 | 0 0 0 0 0 0 0 0 0 0 0 0 0 0 0 0 0 0 0 0 0
alloc cls=0xc56f parent=0xff0e0000 h=0xff040019 |      1 |      0 | 0 0 0 0 1 0 0 0 0 0 0 0 0 0 0 0 0 0 0 0 0 | 0 0 0 0 0 0 0 0 0 0 0 0 0 0 0 0 0 0 0 0 0
alloc cls=0xc997 parent=0xff040011 h=0xff1fe026 |      0 |      1 | 0 0 0 0 0 0 0 0 0 0 0 0 0 0 0 0 0 0 0 0 0 | 0 0 1 0 0 0 0 0 0 0 0 0 0 0 0 0 0 0 0 0 0
alloc cls=0xc9c0 parent=0xff04001e h=0xff1fe032 |      1 |      0 | 0 0 0 0 0 0 1 0 0 0 0 0 0 0 0 0 0 0 0 0 0 | 0 0 0 0 0 0 0 0 0 0 0 0 0 0 0 0 0 0 0 0 0
alloc cls=0xa140 parent=0xff040010 h=0xff1fe01a |      1 |      0 | 0 1 0 0 0 0 0 0 0 0 0 0 0 0 0 0 0 0 0 0 0 | 0 0 0 0 0 0 0 0 0 0 0 0 0 0 0 0 0 0 0 0 0
alloc cls=0xc56f parent=0xff0e0000 h=0xff04001e |      1 |      0 | 0 0 0 0 0 0 1 0 0 0 0 0 0 0 0 0 0 0 0 0 0 | 0 0 0 0 0 0 0 0 0 0 0 0 0 0 0 0 0 0 0 0 0
ctrl 0x2080a081                              |      1 |      0 | 0 1 0 0 0 0 0 0 0 0 0 0 0 0 0 0 0 0 0 0 0 | 0 0 0 0 0 0 0 0 0 0 0 0 0 0 0 0 0 0 0 0 0
alloc cls=0xc997 parent=0xff040012 h=0xff1fe026 |      1 |      0 | 0 0 1 0 0 0 0 0 0 0 0 0 0 0 0 0 0 0 0 0 0 | 0 0 0 0 0 0 0 0 0 0 0 0 0 0 0 0 0 0 0 0 0
alloc cls=0xc56f parent=0xff0e0000 h=0xff040017 |      1 |      0 | 0 0 0 0 1 0 0 0 0 0 0 0 0 0 0 0 0 0 0 0 0 | 0 0 0 0 0 0 0 0 0 0 0 0 0 0 0 0 0 0 0 0 0
ctrl 0x2080b210                              |      1 |      0 | 0 1 0 0 0 0 0 0 0 0 0 0 0 0 0 0 0 0 0 0 0 | 0 0 0 0 0 0 0 0 0 0 0 0 0 0 0 0 0 0 0 0 0
alloc cls=0xc7b5 parent=0xff040021 h=0xff1fe034 |      1 |      0 | 0 0 0 0 0 0 1 0 0 0 0 0 0 0 0 0 0 0 0 0 0 | 0 0 0 0 0 0 0 0 0 0 0 0 0 0 0 0 0 0 0 0 0
alloc cls=0x0080 parent=0xc1d0002c h=0xb1000000 |      0 |      1 | 0 0 0 0 0 0 0 0 0 0 0 0 0 0 0 0 0 0 0 0 0 | 0 1 0 0 0 0 0 0 0 0 0 0 0 0 0 0 0 0 0 0 0
alloc cls=0xc56f parent=0xff0e0000 h=0xff04001b |      1 |      0 | 0 0 0 0 0 1 0 0 0 0 0 0 0 0 0 0 0 0 0 0 0 | 0 0 0 0 0 0 0 0 0 0 0 0 0 0 0 0 0 0 0 0 0
alloc cls=0xc56f parent=0xff0e0000 h=0xff04001f |      1 |      0 | 0 0 0 0 0 0 1 0 0 0 0 0 0 0 0 0 0 0 0 0 0 | 0 0 0 0 0 0 0 0 0 0 0 0 0 0 0 0 0 0 0 0 0
alloc cls=0x902d parent=0xff04001b h=0xff1fe02c |      1 |      0 | 0 0 0 0 0 1 0 0 0 0 0 0 0 0 0 0 0 0 0 0 0 | 0 0 0 0 0 0 0 0 0 0 0 0 0 0 0 0 0 0 0 0 0
alloc cls=0xa140 parent=0xff04000d h=0xff1fe01a |      0 |      1 | 0 0 0 0 0 0 0 0 0 0 0 0 0 0 0 0 0 0 0 0 0 | 0 1 0 0 0 0 0 0 0 0 0 0 0 0 0 0 0 0 0 0 0
alloc cls=0x0080 parent=0xc1d0004c h=0xff0c0100 |      1 |      0 | 0 0 0 0 0 0 0 0 0 0 1 0 0 0 0 0 0 0 0 0 0 | 0 0 0 0 0 0 0 0 0 0 0 0 0 0 0 0 0 0 0 0 0
alloc cls=0xa140 parent=0xff04000e h=0xff1fe01a |      1 |      0 | 0 1 0 0 0 0 0 0 0 0 0 0 0 0 0 0 0 0 0 0 0 | 0 0 0 0 0 0 0 0 0 0 0 0 0 0 0 0 0 0 0 0 0
alloc cls=0x902d parent=0xff04001a h=0xff1fe02c |      1 |      0 | 0 0 0 0 0 1 0 0 0 0 0 0 0 0 0 0 0 0 0 0 0 | 0 0 0 0 0 0 0 0 0 0 0 0 0 0 0 0 0 0 0 0 0
alloc cls=0x5080 parent=0xff04001e h=0xff1fe010 |      1 |      0 | 0 0 0 0 0 0 1 0 0 0 0 0 0 0 0 0 0 0 0 0 0 | 0 0 0 0 0 0 0 0 0 0 0 0 0 0 0 0 0 0 0 0 0
alloc cls=0x0080 parent=0xc1d00043 h=0xff020000 |      1 |      0 | 0 0 0 0 0 1 0 0 0 0 0 0 0 0 0 0 0 0 0 0 0 | 0 0 0 0 0 0 0 0 0 0 0 0 0 0 0 0 0 0 0 0 0
alloc cls=0xc56f parent=0xff0e0000 h=0xff040018 |      1 |      0 | 0 0 0 0 1 0 0 0 0 0 0 0 0 0 0 0 0 0 0 0 0 | 0 0 0 0 0 0 0 0 0 0 0 0 0 0 0 0 0 0 0 0 0
alloc cls=0xa140 parent=0xff040011 h=0xff1fe01a |      0 |      1 | 0 0 0 0 0 0 0 0 0 0 0 0 0 0 0 0 0 0 0 0 0 | 0 0 1 0 0 0 0 0 0 0 0 0 0 0 0 0 0 0 0 0 0
alloc cls=0x902d parent=0xff04001e h=0xff1fe02c |      1 |      0 | 0 0 0 0 0 0 1 0 0 0 0 0 0 0 0 0 0 0 0 0 0 | 0 0 0 0 0 0 0 0 0 0 0 0 0 0 0 0 0 0 0 0 0
alloc cls=0x902d parent=0xff04000d h=0xff1fe02c |      0 |      1 | 0 0 0 0 0 0 0 0 0 0 0 0 0 0 0 0 0 0 0 0 0 | 0 1 0 0 0 0 0 0 0 0 0 0 0 0 0 0 0 0 0 0 0
alloc cls=0xc56f parent=0xff0e0000 h=0xff04001d |      1 |      0 | 0 0 0 0 0 1 0 0 0 0 0 0 0 0 0 0 0 0 0 0 0 | 0 0 0 0 0 0 0 0 0 0 0 0 0 0 0 0 0 0 0 0 0
alloc cls=0x0080 parent=0xc1d00041 h=0xff020000 |      1 |      0 | 0 0 0 0 0 1 0 0 0 0 0 0 0 0 0 0 0 0 0 0 0 | 0 0 0 0 0 0 0 0 0 0 0 0 0 0 0 0 0 0 0 0 0
ctrl 0x2080852c                              |      1 |      0 | 0 1 0 0 0 0 0 0 0 0 0 0 0 0 0 0 0 0 0 0 0 | 0 0 0 0 0 0 0 0 0 0 0 0 0 0 0 0 0 0 0 0 0
alloc cls=0xc997 parent=0xff040020 h=0xff1fe026 |      1 |      0 | 0 0 0 0 0 0 1 0 0 0 0 0 0 0 0 0 0 0 0 0 0 | 0 0 0 0 0 0 0 0 0 0 0 0 0 0 0 0 0 0 0 0 0
alloc cls=0xc997 parent=0xff04000f h=0xff1fe026 |      0 |      1 | 0 0 0 0 0 0 0 0 0 0 0 0 0 0 0 0 0 0 0 0 0 | 0 1 0 0 0 0 0 0 0 0 0 0 0 0 0 0 0 0 0 0 0
alloc cls=0x0080 parent=0xc1d0004a h=0xff020000 |      1 |      0 | 0 0 0 0 0 0 1 0 0 0 0 0 0 0 0 0 0 0 0 0 0 | 0 0 0 0 0 0 0 0 0 0 0 0 0 0 0 0 0 0 0 0 0
alloc cls=0x0080 parent=0xc1d00049 h=0xff020000 |      1 |      0 | 0 0 0 0 0 0 1 0 0 0 0 0 0 0 0 0 0 0 0 0 0 | 0 0 0 0 0 0 0 0 0 0 0 0 0 0 0 0 0 0 0 0 0
alloc cls=0x5080 parent=0xff04001c h=0xff1fe010 |      1 |      0 | 0 0 0 0 0 1 0 0 0 0 0 0 0 0 0 0 0 0 0 0 0 | 0 0 0 0 0 0 0 0 0 0 0 0 0 0 0 0 0 0 0 0 0
alloc cls=0xc7b5 parent=0xff04001b h=0xff1fe034 |      1 |      0 | 0 0 0 0 0 1 0 0 0 0 0 0 0 0 0 0 0 0 0 0 0 | 0 0 0 0 0 0 0 0 0 0 0 0 0 0 0 0 0 0 0 0 0
ctrl 0x2080a0cc                              |      1 |      0 | 0 1 0 0 0 0 0 0 0 0 0 0 0 0 0 0 0 0 0 0 0 | 0 0 0 0 0 0 0 0 0 0 0 0 0 0 0 0 0 0 0 0 0
alloc cls=0xc7b5 parent=0xff040015 h=0xff1fe034 |      1 |      0 | 0 0 1 0 0 0 0 0 0 0 0 0 0 0 0 0 0 0 0 0 0 | 0 0 0 0 0 0 0 0 0 0 0 0 0 0 0 0 0 0 0 0 0
ctrl 0x20801303                              |      1 |      0 | 0 1 0 0 0 0 0 0 0 0 0 0 0 0 0 0 0 0 0 0 0 | 0 0 0 0 0 0 0 0 0 0 0 0 0 0 0 0 0 0 0 0 0
alloc cls=0x902d parent=0xff040017 h=0xff1fe02c |      1 |      0 | 0 0 0 0 1 0 0 0 0 0 0 0 0 0 0 0 0 0 0 0 0 | 0 0 0 0 0 0 0 0 0 0 0 0 0 0 0 0 0 0 0 0 0
alloc cls=0x902d parent=0xff040011 h=0xff1fe02c |      0 |      1 | 0 0 0 0 0 0 0 0 0 0 0 0 0 0 0 0 0 0 0 0 0 | 0 0 1 0 0 0 0 0 0 0 0 0 0 0 0 0 0 0 0 0 0
alloc cls=0xc9c0 parent=0xff04001b h=0xff1fe032 |      1 |      0 | 0 0 0 0 0 1 0 0 0 0 0 0 0 0 0 0 0 0 0 0 0 | 0 0 0 0 0 0 0 0 0 0 0 0 0 0 0 0 0 0 0 0 0
alloc cls=0x5080 parent=0xff040021 h=0xff1fe010 |      1 |      0 | 0 0 0 0 0 0 1 0 0 0 0 0 0 0 0 0 0 0 0 0 0 | 0 0 0 0 0 0 0 0 0 0 0 0 0 0 0 0 0 0 0 0 0
alloc cls=0x902d parent=0xff04000f h=0xff1fe02c |      0 |      1 | 0 0 0 0 0 0 0 0 0 0 0 0 0 0 0 0 0 0 0 0 0 | 0 1 0 0 0 0 0 0 0 0 0 0 0 0 0 0 0 0 0 0 0
alloc cls=0x5080 parent=0xff04001d h=0xff1fe010 |      1 |      0 | 0 0 0 0 0 1 0 0 0 0 0 0 0 0 0 0 0 0 0 0 0 | 0 0 0 0 0 0 0 0 0 0 0 0 0 0 0 0 0 0 0 0 0
alloc cls=0xa140 parent=0xff04000f h=0xff1fe01a |      0 |      1 | 0 0 0 0 0 0 0 0 0 0 0 0 0 0 0 0 0 0 0 0 0 | 0 1 0 0 0 0 0 0 0 0 0 0 0 0 0 0 0 0 0 0 0
alloc cls=0x0080 parent=0xc1d00042 h=0xff020000 |      1 |      0 | 0 0 0 0 0 1 0 0 0 0 0 0 0 0 0 0 0 0 0 0 0 | 0 0 0 0 0 0 0 0 0 0 0 0 0 0 0 0 0 0 0 0 0
R 0x690000                                   |      1 |      0 | 0 0 0 0 0 0 0 1 0 0 0 0 0 0 0 0 0 0 0 0 0 | 0 0 0 0 0 0 0 0 0 0 0 0 0 0 0 0 0 0 0 0 0
ctrl 0x20810108                              |      1 |      0 | 0 0 0 0 0 0 0 0 0 0 1 0 0 0 0 0 0 0 0 0 0 | 0 0 0 0 0 0 0 0 0 0 0 0 0 0 0 0 0 0 0 0 0
alloc cls=0xa140 parent=0xff04001e h=0xff1fe01a |      1 |      0 | 0 0 0 0 0 0 1 0 0 0 0 0 0 0 0 0 0 0 0 0 0 | 0 0 0 0 0 0 0 0 0 0 0 0 0 0 0 0 0 0 0 0 0
alloc cls=0x5080 parent=0xff04000d h=0xff1fe010 |      0 |      1 | 0 0 0 0 0 0 0 0 0 0 0 0 0 0 0 0 0 0 0 0 0 | 0 1 0 0 0 0 0 0 0 0 0 0 0 0 0 0 0 0 0 0 0
alloc cls=0x0080 parent=0xc1d00048 h=0xff020000 |      1 |      0 | 0 0 0 0 0 0 1 0 0 0 0 0 0 0 0 0 0 0 0 0 0 | 0 0 0 0 0 0 0 0 0 0 0 0 0 0 0 0 0 0 0 0 0
alloc cls=0x0080 parent=0xc1d0003a h=0xff020000 |      1 |      0 | 0 0 0 0 1 0 0 0 0 0 0 0 0 0 0 0 0 0 0 0 0 | 0 0 0 0 0 0 0 0 0 0 0 0 0 0 0 0 0 0 0 0 0
alloc cls=0x902d parent=0xff040012 h=0xff1fe02c |      1 |      0 | 0 0 1 0 0 0 0 0 0 0 0 0 0 0 0 0 0 0 0 0 0 | 0 0 0 0 0 0 0 0 0 0 0 0 0 0 0 0 0 0 0 0 0
ctrl 0x2080b209                              |      1 |      0 | 0 1 0 0 0 0 0 0 0 0 0 0 0 0 0 0 0 0 0 0 0 | 0 0 0 0 0 0 0 0 0 0 0 0 0 0 0 0 0 0 0 0 0
alloc cls=0xc56f parent=0xff0e0000 h=0xff04001a |      1 |      0 | 0 0 0 0 0 1 0 0 0 0 0 0 0 0 0 0 0 0 0 0 0 | 0 0 0 0 0 0 0 0 0 0 0 0 0 0 0 0 0 0 0 0 0
alloc cls=0xa140 parent=0xff040017 h=0xff1fe01a |      1 |      0 | 0 0 0 0 1 0 0 0 0 0 0 0 0 0 0 0 0 0 0 0 0 | 0 0 0 0 0 0 0 0 0 0 0 0 0 0 0 0 0 0 0 0 0
alloc cls=0x0080 parent=0xc1d00044 h=0xff020000 |      1 |      0 | 0 0 0 0 0 1 0 0 0 0 0 0 0 0 0 0 0 0 0 0 0 | 0 0 0 0 0 0 0 0 0 0 0 0 0 0 0 0 0 0 0 0 0
alloc cls=0xc7b5 parent=0xff04001c h=0xff1fe034 |      1 |      0 | 0 0 0 0 0 1 0 0 0 0 0 0 0 0 0 0 0 0 0 0 0 | 0 0 0 0 0 0 0 0 0 0 0 0 0 0 0 0 0 0 0 0 0
alloc cls=0x0080 parent=0xc1d00034 h=0xb1000000 |      0 |      1 | 0 0 0 0 0 0 0 0 0 0 0 0 0 0 0 0 0 0 0 0 0 | 0 0 1 0 0 0 0 0 0 0 0 0 0 0 0 0 0 0 0 0 0
alloc cls=0xc997 parent=0xff04000e h=0xff1fe026 |      1 |      0 | 0 1 0 0 0 0 0 0 0 0 0 0 0 0 0 0 0 0 0 0 0 | 0 0 0 0 0 0 0 0 0 0 0 0 0 0 0 0 0 0 0 0 0
alloc cls=0x007e parent=0xff0c0200 h=0xff060005 |      1 |      0 | 0 0 0 0 0 0 0 0 0 0 1 0 0 0 0 0 0 0 0 0 0 | 0 0 0 0 0 0 0 0 0 0 0 0 0 0 0 0 0 0 0 0 0
alloc cls=0xc7b5 parent=0xff040020 h=0xff1fe034 |      1 |      0 | 0 0 0 0 0 0 1 0 0 0 0 0 0 0 0 0 0 0 0 0 0 | 0 0 0 0 0 0 0 0 0 0 0 0 0 0 0 0 0 0 0 0 0
ctrl 0x20809063                              |      1 |      0 | 0 0 1 0 0 0 0 0 0 0 0 0 0 0 0 0 0 0 0 0 0 | 0 0 0 0 0 0 0 0 0 0 0 0 0 0 0 0 0 0 0 0 0
alloc cls=0x0080 parent=0xc1d00047 h=0xff020000 |      1 |      0 | 0 0 0 0 0 1 0 0 0 0 0 0 0 0 0 0 0 0 0 0 0 | 0 0 0 0 0 0 0 0 0 0 0 0 0 0 0 0 0 0 0 0 0
alloc cls=0xc9c0 parent=0xff040013 h=0xff1fe032 |      0 |      1 | 0 0 0 0 0 0 0 0 0 0 0 0 0 0 0 0 0 0 0 0 0 | 0 0 1 0 0 0 0 0 0 0 0 0 0 0 0 0 0 0 0 0 0
alloc cls=0xc9c0 parent=0xff040020 h=0xff1fe032 |      1 |      0 | 0 0 0 0 0 0 1 0 0 0 0 0 0 0 0 0 0 0 0 0 0 | 0 0 0 0 0 0 0 0 0 0 0 0 0 0 0 0 0 0 0 0 0
alloc cls=0x0080 parent=0xc1d00028 h=0xff020000 |      0 |      1 | 0 0 0 0 0 0 0 0 0 0 0 0 0 0 0 0 0 0 0 0 0 | 0 1 0 0 0 0 0 0 0 0 0 0 0 0 0 0 0 0 0 0 0
alloc cls=0x0080 parent=0xc1d00035 h=0xb1000000 |      0 |      1 | 0 0 0 0 0 0 0 0 0 0 0 0 0 0 0 0 0 0 0 0 0 | 0 0 1 0 0 0 0 0 0 0 0 0 0 0 0 0 0 0 0 0 0
alloc cls=0xc997 parent=0xff040014 h=0xff1fe026 |      1 |      0 | 0 0 1 0 0 0 0 0 0 0 0 0 0 0 0 0 0 0 0 0 0 | 0 0 0 0 0 0 0 0 0 0 0 0 0 0 0 0 0 0 0 0 0
alloc cls=0x5080 parent=0xff040020 h=0xff1fe010 |      1 |      0 | 0 0 0 0 0 0 1 0 0 0 0 0 0 0 0 0 0 0 0 0 0 | 0 0 0 0 0 0 0 0 0 0 0 0 0 0 0 0 0 0 0 0 0
alloc cls=0xa140 parent=0xff040012 h=0xff1fe01a |      1 |      0 | 0 0 1 0 0 0 0 0 0 0 0 0 0 0 0 0 0 0 0 0 0 | 0 0 0 0 0 0 0 0 0 0 0 0 0 0 0 0 0 0 0 0 0
ctrl 0x20808537                              |      1 |      0 | 0 1 0 0 0 0 0 0 0 0 0 0 0 0 0 0 0 0 0 0 0 | 0 0 0 0 0 0 0 0 0 0 0 0 0 0 0 0 0 0 0 0 0
